1000 
1997 
1 0 2.000000
2 0 1.000000
2 1 2.000000
3 1 1.000000
3 2 2.000000
4 2 1.000000
4 3 2.000000
5 3 1.000000
5 4 2.000000
6 4 1.000000
6 5 2.000000
7 5 1.000000
7 6 2.000000
8 6 1.000000
8 7 2.000000
9 7 1.000000
9 8 2.000000
10 8 1.000000
10 9 2.000000
11 9 1.000000
11 10 2.000000
12 10 1.000000
12 11 2.000000
13 11 1.000000
13 12 2.000000
14 12 1.000000
14 13 2.000000
15 13 1.000000
15 14 2.000000
16 14 1.000000
16 15 2.000000
17 15 1.000000
17 16 2.000000
18 16 1.000000
18 17 2.000000
19 17 1.000000
19 18 2.000000
20 18 1.000000
20 19 2.000000
21 19 1.000000
21 20 2.000000
22 20 1.000000
22 21 2.000000
23 21 1.000000
23 22 2.000000
24 22 1.000000
24 23 2.000000
25 23 1.000000
25 24 2.000000
26 24 1.000000
26 25 2.000000
27 25 1.000000
27 26 2.000000
28 26 1.000000
28 27 2.000000
29 27 1.000000
29 28 2.000000
30 28 1.000000
30 29 2.000000
31 29 1.000000
31 30 2.000000
32 30 1.000000
32 31 2.000000
33 31 1.000000
33 32 2.000000
34 32 1.000000
34 33 2.000000
35 33 1.000000
35 34 2.000000
36 34 1.000000
36 35 2.000000
37 35 1.000000
37 36 2.000000
38 36 1.000000
38 37 2.000000
39 37 1.000000
39 38 2.000000
40 38 1.000000
40 39 2.000000
41 39 1.000000
41 40 2.000000
42 40 1.000000
42 41 2.000000
43 41 1.000000
43 42 2.000000
44 42 1.000000
44 43 2.000000
45 43 1.000000
45 44 2.000000
46 44 1.000000
46 45 2.000000
47 45 1.000000
47 46 2.000000
48 46 1.000000
48 47 2.000000
49 47 1.000000
49 48 2.000000
50 48 1.000000
50 49 2.000000
51 49 1.000000
51 50 2.000000
52 50 1.000000
52 51 2.000000
53 51 1.000000
53 52 2.000000
54 52 1.000000
54 53 2.000000
55 53 1.000000
55 54 2.000000
56 54 1.000000
56 55 2.000000
57 55 1.000000
57 56 2.000000
58 56 1.000000
58 57 2.000000
59 57 1.000000
59 58 2.000000
60 58 1.000000
60 59 2.000000
61 59 1.000000
61 60 2.000000
62 60 1.000000
62 61 2.000000
63 61 1.000000
63 62 2.000000
64 62 1.000000
64 63 2.000000
65 63 1.000000
65 64 2.000000
66 64 1.000000
66 65 2.000000
67 65 1.000000
67 66 2.000000
68 66 1.000000
68 67 2.000000
69 67 1.000000
69 68 2.000000
70 68 1.000000
70 69 2.000000
71 69 1.000000
71 70 2.000000
72 70 1.000000
72 71 2.000000
73 71 1.000000
73 72 2.000000
74 72 1.000000
74 73 2.000000
75 73 1.000000
75 74 2.000000
76 74 1.000000
76 75 2.000000
77 75 1.000000
77 76 2.000000
78 76 1.000000
78 77 2.000000
79 77 1.000000
79 78 2.000000
80 78 1.000000
80 79 2.000000
81 79 1.000000
81 80 2.000000
82 80 1.000000
82 81 2.000000
83 81 1.000000
83 82 2.000000
84 82 1.000000
84 83 2.000000
85 83 1.000000
85 84 2.000000
86 84 1.000000
86 85 2.000000
87 85 1.000000
87 86 2.000000
88 86 1.000000
88 87 2.000000
89 87 1.000000
89 88 2.000000
90 88 1.000000
90 89 2.000000
91 89 1.000000
91 90 2.000000
92 90 1.000000
92 91 2.000000
93 91 1.000000
93 92 2.000000
94 92 1.000000
94 93 2.000000
95 93 1.000000
95 94 2.000000
96 94 1.000000
96 95 2.000000
97 95 1.000000
97 96 2.000000
98 96 1.000000
98 97 2.000000
99 97 1.000000
99 98 2.000000
100 98 1.000000
100 99 2.000000
101 99 1.000000
101 100 2.000000
102 100 1.000000
102 101 2.000000
103 101 1.000000
103 102 2.000000
104 102 1.000000
104 103 2.000000
105 103 1.000000
105 104 2.000000
106 104 1.000000
106 105 2.000000
107 105 1.000000
107 106 2.000000
108 106 1.000000
108 107 2.000000
109 107 1.000000
109 108 2.000000
110 108 1.000000
110 109 2.000000
111 109 1.000000
111 110 2.000000
112 110 1.000000
112 111 2.000000
113 111 1.000000
113 112 2.000000
114 112 1.000000
114 113 2.000000
115 113 1.000000
115 114 2.000000
116 114 1.000000
116 115 2.000000
117 115 1.000000
117 116 2.000000
118 116 1.000000
118 117 2.000000
119 117 1.000000
119 118 2.000000
120 118 1.000000
120 119 2.000000
121 119 1.000000
121 120 2.000000
122 120 1.000000
122 121 2.000000
123 121 1.000000
123 122 2.000000
124 122 1.000000
124 123 2.000000
125 123 1.000000
125 124 2.000000
126 124 1.000000
126 125 2.000000
127 125 1.000000
127 126 2.000000
128 126 1.000000
128 127 2.000000
129 127 1.000000
129 128 2.000000
130 128 1.000000
130 129 2.000000
131 129 1.000000
131 130 2.000000
132 130 1.000000
132 131 2.000000
133 131 1.000000
133 132 2.000000
134 132 1.000000
134 133 2.000000
135 133 1.000000
135 134 2.000000
136 134 1.000000
136 135 2.000000
137 135 1.000000
137 136 2.000000
138 136 1.000000
138 137 2.000000
139 137 1.000000
139 138 2.000000
140 138 1.000000
140 139 2.000000
141 139 1.000000
141 140 2.000000
142 140 1.000000
142 141 2.000000
143 141 1.000000
143 142 2.000000
144 142 1.000000
144 143 2.000000
145 143 1.000000
145 144 2.000000
146 144 1.000000
146 145 2.000000
147 145 1.000000
147 146 2.000000
148 146 1.000000
148 147 2.000000
149 147 1.000000
149 148 2.000000
150 148 1.000000
150 149 2.000000
151 149 1.000000
151 150 2.000000
152 150 1.000000
152 151 2.000000
153 151 1.000000
153 152 2.000000
154 152 1.000000
154 153 2.000000
155 153 1.000000
155 154 2.000000
156 154 1.000000
156 155 2.000000
157 155 1.000000
157 156 2.000000
158 156 1.000000
158 157 2.000000
159 157 1.000000
159 158 2.000000
160 158 1.000000
160 159 2.000000
161 159 1.000000
161 160 2.000000
162 160 1.000000
162 161 2.000000
163 161 1.000000
163 162 2.000000
164 162 1.000000
164 163 2.000000
165 163 1.000000
165 164 2.000000
166 164 1.000000
166 165 2.000000
167 165 1.000000
167 166 2.000000
168 166 1.000000
168 167 2.000000
169 167 1.000000
169 168 2.000000
170 168 1.000000
170 169 2.000000
171 169 1.000000
171 170 2.000000
172 170 1.000000
172 171 2.000000
173 171 1.000000
173 172 2.000000
174 172 1.000000
174 173 2.000000
175 173 1.000000
175 174 2.000000
176 174 1.000000
176 175 2.000000
177 175 1.000000
177 176 2.000000
178 176 1.000000
178 177 2.000000
179 177 1.000000
179 178 2.000000
180 178 1.000000
180 179 2.000000
181 179 1.000000
181 180 2.000000
182 180 1.000000
182 181 2.000000
183 181 1.000000
183 182 2.000000
184 182 1.000000
184 183 2.000000
185 183 1.000000
185 184 2.000000
186 184 1.000000
186 185 2.000000
187 185 1.000000
187 186 2.000000
188 186 1.000000
188 187 2.000000
189 187 1.000000
189 188 2.000000
190 188 1.000000
190 189 2.000000
191 189 1.000000
191 190 2.000000
192 190 1.000000
192 191 2.000000
193 191 1.000000
193 192 2.000000
194 192 1.000000
194 193 2.000000
195 193 1.000000
195 194 2.000000
196 194 1.000000
196 195 2.000000
197 195 1.000000
197 196 2.000000
198 196 1.000000
198 197 2.000000
199 197 1.000000
199 198 2.000000
200 198 1.000000
200 199 2.000000
201 199 1.000000
201 200 2.000000
202 200 1.000000
202 201 2.000000
203 201 1.000000
203 202 2.000000
204 202 1.000000
204 203 2.000000
205 203 1.000000
205 204 2.000000
206 204 1.000000
206 205 2.000000
207 205 1.000000
207 206 2.000000
208 206 1.000000
208 207 2.000000
209 207 1.000000
209 208 2.000000
210 208 1.000000
210 209 2.000000
211 209 1.000000
211 210 2.000000
212 210 1.000000
212 211 2.000000
213 211 1.000000
213 212 2.000000
214 212 1.000000
214 213 2.000000
215 213 1.000000
215 214 2.000000
216 214 1.000000
216 215 2.000000
217 215 1.000000
217 216 2.000000
218 216 1.000000
218 217 2.000000
219 217 1.000000
219 218 2.000000
220 218 1.000000
220 219 2.000000
221 219 1.000000
221 220 2.000000
222 220 1.000000
222 221 2.000000
223 221 1.000000
223 222 2.000000
224 222 1.000000
224 223 2.000000
225 223 1.000000
225 224 2.000000
226 224 1.000000
226 225 2.000000
227 225 1.000000
227 226 2.000000
228 226 1.000000
228 227 2.000000
229 227 1.000000
229 228 2.000000
230 228 1.000000
230 229 2.000000
231 229 1.000000
231 230 2.000000
232 230 1.000000
232 231 2.000000
233 231 1.000000
233 232 2.000000
234 232 1.000000
234 233 2.000000
235 233 1.000000
235 234 2.000000
236 234 1.000000
236 235 2.000000
237 235 1.000000
237 236 2.000000
238 236 1.000000
238 237 2.000000
239 237 1.000000
239 238 2.000000
240 238 1.000000
240 239 2.000000
241 239 1.000000
241 240 2.000000
242 240 1.000000
242 241 2.000000
243 241 1.000000
243 242 2.000000
244 242 1.000000
244 243 2.000000
245 243 1.000000
245 244 2.000000
246 244 1.000000
246 245 2.000000
247 245 1.000000
247 246 2.000000
248 246 1.000000
248 247 2.000000
249 247 1.000000
249 248 2.000000
250 248 1.000000
250 249 2.000000
251 249 1.000000
251 250 2.000000
252 250 1.000000
252 251 2.000000
253 251 1.000000
253 252 2.000000
254 252 1.000000
254 253 2.000000
255 253 1.000000
255 254 2.000000
256 254 1.000000
256 255 2.000000
257 255 1.000000
257 256 2.000000
258 256 1.000000
258 257 2.000000
259 257 1.000000
259 258 2.000000
260 258 1.000000
260 259 2.000000
261 259 1.000000
261 260 2.000000
262 260 1.000000
262 261 2.000000
263 261 1.000000
263 262 2.000000
264 262 1.000000
264 263 2.000000
265 263 1.000000
265 264 2.000000
266 264 1.000000
266 265 2.000000
267 265 1.000000
267 266 2.000000
268 266 1.000000
268 267 2.000000
269 267 1.000000
269 268 2.000000
270 268 1.000000
270 269 2.000000
271 269 1.000000
271 270 2.000000
272 270 1.000000
272 271 2.000000
273 271 1.000000
273 272 2.000000
274 272 1.000000
274 273 2.000000
275 273 1.000000
275 274 2.000000
276 274 1.000000
276 275 2.000000
277 275 1.000000
277 276 2.000000
278 276 1.000000
278 277 2.000000
279 277 1.000000
279 278 2.000000
280 278 1.000000
280 279 2.000000
281 279 1.000000
281 280 2.000000
282 280 1.000000
282 281 2.000000
283 281 1.000000
283 282 2.000000
284 282 1.000000
284 283 2.000000
285 283 1.000000
285 284 2.000000
286 284 1.000000
286 285 2.000000
287 285 1.000000
287 286 2.000000
288 286 1.000000
288 287 2.000000
289 287 1.000000
289 288 2.000000
290 288 1.000000
290 289 2.000000
291 289 1.000000
291 290 2.000000
292 290 1.000000
292 291 2.000000
293 291 1.000000
293 292 2.000000
294 292 1.000000
294 293 2.000000
295 293 1.000000
295 294 2.000000
296 294 1.000000
296 295 2.000000
297 295 1.000000
297 296 2.000000
298 296 1.000000
298 297 2.000000
299 297 1.000000
299 298 2.000000
300 298 1.000000
300 299 2.000000
301 299 1.000000
301 300 2.000000
302 300 1.000000
302 301 2.000000
303 301 1.000000
303 302 2.000000
304 302 1.000000
304 303 2.000000
305 303 1.000000
305 304 2.000000
306 304 1.000000
306 305 2.000000
307 305 1.000000
307 306 2.000000
308 306 1.000000
308 307 2.000000
309 307 1.000000
309 308 2.000000
310 308 1.000000
310 309 2.000000
311 309 1.000000
311 310 2.000000
312 310 1.000000
312 311 2.000000
313 311 1.000000
313 312 2.000000
314 312 1.000000
314 313 2.000000
315 313 1.000000
315 314 2.000000
316 314 1.000000
316 315 2.000000
317 315 1.000000
317 316 2.000000
318 316 1.000000
318 317 2.000000
319 317 1.000000
319 318 2.000000
320 318 1.000000
320 319 2.000000
321 319 1.000000
321 320 2.000000
322 320 1.000000
322 321 2.000000
323 321 1.000000
323 322 2.000000
324 322 1.000000
324 323 2.000000
325 323 1.000000
325 324 2.000000
326 324 1.000000
326 325 2.000000
327 325 1.000000
327 326 2.000000
328 326 1.000000
328 327 2.000000
329 327 1.000000
329 328 2.000000
330 328 1.000000
330 329 2.000000
331 329 1.000000
331 330 2.000000
332 330 1.000000
332 331 2.000000
333 331 1.000000
333 332 2.000000
334 332 1.000000
334 333 2.000000
335 333 1.000000
335 334 2.000000
336 334 1.000000
336 335 2.000000
337 335 1.000000
337 336 2.000000
338 336 1.000000
338 337 2.000000
339 337 1.000000
339 338 2.000000
340 338 1.000000
340 339 2.000000
341 339 1.000000
341 340 2.000000
342 340 1.000000
342 341 2.000000
343 341 1.000000
343 342 2.000000
344 342 1.000000
344 343 2.000000
345 343 1.000000
345 344 2.000000
346 344 1.000000
346 345 2.000000
347 345 1.000000
347 346 2.000000
348 346 1.000000
348 347 2.000000
349 347 1.000000
349 348 2.000000
350 348 1.000000
350 349 2.000000
351 349 1.000000
351 350 2.000000
352 350 1.000000
352 351 2.000000
353 351 1.000000
353 352 2.000000
354 352 1.000000
354 353 2.000000
355 353 1.000000
355 354 2.000000
356 354 1.000000
356 355 2.000000
357 355 1.000000
357 356 2.000000
358 356 1.000000
358 357 2.000000
359 357 1.000000
359 358 2.000000
360 358 1.000000
360 359 2.000000
361 359 1.000000
361 360 2.000000
362 360 1.000000
362 361 2.000000
363 361 1.000000
363 362 2.000000
364 362 1.000000
364 363 2.000000
365 363 1.000000
365 364 2.000000
366 364 1.000000
366 365 2.000000
367 365 1.000000
367 366 2.000000
368 366 1.000000
368 367 2.000000
369 367 1.000000
369 368 2.000000
370 368 1.000000
370 369 2.000000
371 369 1.000000
371 370 2.000000
372 370 1.000000
372 371 2.000000
373 371 1.000000
373 372 2.000000
374 372 1.000000
374 373 2.000000
375 373 1.000000
375 374 2.000000
376 374 1.000000
376 375 2.000000
377 375 1.000000
377 376 2.000000
378 376 1.000000
378 377 2.000000
379 377 1.000000
379 378 2.000000
380 378 1.000000
380 379 2.000000
381 379 1.000000
381 380 2.000000
382 380 1.000000
382 381 2.000000
383 381 1.000000
383 382 2.000000
384 382 1.000000
384 383 2.000000
385 383 1.000000
385 384 2.000000
386 384 1.000000
386 385 2.000000
387 385 1.000000
387 386 2.000000
388 386 1.000000
388 387 2.000000
389 387 1.000000
389 388 2.000000
390 388 1.000000
390 389 2.000000
391 389 1.000000
391 390 2.000000
392 390 1.000000
392 391 2.000000
393 391 1.000000
393 392 2.000000
394 392 1.000000
394 393 2.000000
395 393 1.000000
395 394 2.000000
396 394 1.000000
396 395 2.000000
397 395 1.000000
397 396 2.000000
398 396 1.000000
398 397 2.000000
399 397 1.000000
399 398 2.000000
400 398 1.000000
400 399 2.000000
401 399 1.000000
401 400 2.000000
402 400 1.000000
402 401 2.000000
403 401 1.000000
403 402 2.000000
404 402 1.000000
404 403 2.000000
405 403 1.000000
405 404 2.000000
406 404 1.000000
406 405 2.000000
407 405 1.000000
407 406 2.000000
408 406 1.000000
408 407 2.000000
409 407 1.000000
409 408 2.000000
410 408 1.000000
410 409 2.000000
411 409 1.000000
411 410 2.000000
412 410 1.000000
412 411 2.000000
413 411 1.000000
413 412 2.000000
414 412 1.000000
414 413 2.000000
415 413 1.000000
415 414 2.000000
416 414 1.000000
416 415 2.000000
417 415 1.000000
417 416 2.000000
418 416 1.000000
418 417 2.000000
419 417 1.000000
419 418 2.000000
420 418 1.000000
420 419 2.000000
421 419 1.000000
421 420 2.000000
422 420 1.000000
422 421 2.000000
423 421 1.000000
423 422 2.000000
424 422 1.000000
424 423 2.000000
425 423 1.000000
425 424 2.000000
426 424 1.000000
426 425 2.000000
427 425 1.000000
427 426 2.000000
428 426 1.000000
428 427 2.000000
429 427 1.000000
429 428 2.000000
430 428 1.000000
430 429 2.000000
431 429 1.000000
431 430 2.000000
432 430 1.000000
432 431 2.000000
433 431 1.000000
433 432 2.000000
434 432 1.000000
434 433 2.000000
435 433 1.000000
435 434 2.000000
436 434 1.000000
436 435 2.000000
437 435 1.000000
437 436 2.000000
438 436 1.000000
438 437 2.000000
439 437 1.000000
439 438 2.000000
440 438 1.000000
440 439 2.000000
441 439 1.000000
441 440 2.000000
442 440 1.000000
442 441 2.000000
443 441 1.000000
443 442 2.000000
444 442 1.000000
444 443 2.000000
445 443 1.000000
445 444 2.000000
446 444 1.000000
446 445 2.000000
447 445 1.000000
447 446 2.000000
448 446 1.000000
448 447 2.000000
449 447 1.000000
449 448 2.000000
450 448 1.000000
450 449 2.000000
451 449 1.000000
451 450 2.000000
452 450 1.000000
452 451 2.000000
453 451 1.000000
453 452 2.000000
454 452 1.000000
454 453 2.000000
455 453 1.000000
455 454 2.000000
456 454 1.000000
456 455 2.000000
457 455 1.000000
457 456 2.000000
458 456 1.000000
458 457 2.000000
459 457 1.000000
459 458 2.000000
460 458 1.000000
460 459 2.000000
461 459 1.000000
461 460 2.000000
462 460 1.000000
462 461 2.000000
463 461 1.000000
463 462 2.000000
464 462 1.000000
464 463 2.000000
465 463 1.000000
465 464 2.000000
466 464 1.000000
466 465 2.000000
467 465 1.000000
467 466 2.000000
468 466 1.000000
468 467 2.000000
469 467 1.000000
469 468 2.000000
470 468 1.000000
470 469 2.000000
471 469 1.000000
471 470 2.000000
472 470 1.000000
472 471 2.000000
473 471 1.000000
473 472 2.000000
474 472 1.000000
474 473 2.000000
475 473 1.000000
475 474 2.000000
476 474 1.000000
476 475 2.000000
477 475 1.000000
477 476 2.000000
478 476 1.000000
478 477 2.000000
479 477 1.000000
479 478 2.000000
480 478 1.000000
480 479 2.000000
481 479 1.000000
481 480 2.000000
482 480 1.000000
482 481 2.000000
483 481 1.000000
483 482 2.000000
484 482 1.000000
484 483 2.000000
485 483 1.000000
485 484 2.000000
486 484 1.000000
486 485 2.000000
487 485 1.000000
487 486 2.000000
488 486 1.000000
488 487 2.000000
489 487 1.000000
489 488 2.000000
490 488 1.000000
490 489 2.000000
491 489 1.000000
491 490 2.000000
492 490 1.000000
492 491 2.000000
493 491 1.000000
493 492 2.000000
494 492 1.000000
494 493 2.000000
495 493 1.000000
495 494 2.000000
496 494 1.000000
496 495 2.000000
497 495 1.000000
497 496 2.000000
498 496 1.000000
498 497 2.000000
499 497 1.000000
499 498 2.000000
500 498 1.000000
500 499 2.000000
501 499 1.000000
501 500 2.000000
502 500 1.000000
502 501 2.000000
503 501 1.000000
503 502 2.000000
504 502 1.000000
504 503 2.000000
505 503 1.000000
505 504 2.000000
506 504 1.000000
506 505 2.000000
507 505 1.000000
507 506 2.000000
508 506 1.000000
508 507 2.000000
509 507 1.000000
509 508 2.000000
510 508 1.000000
510 509 2.000000
511 509 1.000000
511 510 2.000000
512 510 1.000000
512 511 2.000000
513 511 1.000000
513 512 2.000000
514 512 1.000000
514 513 2.000000
515 513 1.000000
515 514 2.000000
516 514 1.000000
516 515 2.000000
517 515 1.000000
517 516 2.000000
518 516 1.000000
518 517 2.000000
519 517 1.000000
519 518 2.000000
520 518 1.000000
520 519 2.000000
521 519 1.000000
521 520 2.000000
522 520 1.000000
522 521 2.000000
523 521 1.000000
523 522 2.000000
524 522 1.000000
524 523 2.000000
525 523 1.000000
525 524 2.000000
526 524 1.000000
526 525 2.000000
527 525 1.000000
527 526 2.000000
528 526 1.000000
528 527 2.000000
529 527 1.000000
529 528 2.000000
530 528 1.000000
530 529 2.000000
531 529 1.000000
531 530 2.000000
532 530 1.000000
532 531 2.000000
533 531 1.000000
533 532 2.000000
534 532 1.000000
534 533 2.000000
535 533 1.000000
535 534 2.000000
536 534 1.000000
536 535 2.000000
537 535 1.000000
537 536 2.000000
538 536 1.000000
538 537 2.000000
539 537 1.000000
539 538 2.000000
540 538 1.000000
540 539 2.000000
541 539 1.000000
541 540 2.000000
542 540 1.000000
542 541 2.000000
543 541 1.000000
543 542 2.000000
544 542 1.000000
544 543 2.000000
545 543 1.000000
545 544 2.000000
546 544 1.000000
546 545 2.000000
547 545 1.000000
547 546 2.000000
548 546 1.000000
548 547 2.000000
549 547 1.000000
549 548 2.000000
550 548 1.000000
550 549 2.000000
551 549 1.000000
551 550 2.000000
552 550 1.000000
552 551 2.000000
553 551 1.000000
553 552 2.000000
554 552 1.000000
554 553 2.000000
555 553 1.000000
555 554 2.000000
556 554 1.000000
556 555 2.000000
557 555 1.000000
557 556 2.000000
558 556 1.000000
558 557 2.000000
559 557 1.000000
559 558 2.000000
560 558 1.000000
560 559 2.000000
561 559 1.000000
561 560 2.000000
562 560 1.000000
562 561 2.000000
563 561 1.000000
563 562 2.000000
564 562 1.000000
564 563 2.000000
565 563 1.000000
565 564 2.000000
566 564 1.000000
566 565 2.000000
567 565 1.000000
567 566 2.000000
568 566 1.000000
568 567 2.000000
569 567 1.000000
569 568 2.000000
570 568 1.000000
570 569 2.000000
571 569 1.000000
571 570 2.000000
572 570 1.000000
572 571 2.000000
573 571 1.000000
573 572 2.000000
574 572 1.000000
574 573 2.000000
575 573 1.000000
575 574 2.000000
576 574 1.000000
576 575 2.000000
577 575 1.000000
577 576 2.000000
578 576 1.000000
578 577 2.000000
579 577 1.000000
579 578 2.000000
580 578 1.000000
580 579 2.000000
581 579 1.000000
581 580 2.000000
582 580 1.000000
582 581 2.000000
583 581 1.000000
583 582 2.000000
584 582 1.000000
584 583 2.000000
585 583 1.000000
585 584 2.000000
586 584 1.000000
586 585 2.000000
587 585 1.000000
587 586 2.000000
588 586 1.000000
588 587 2.000000
589 587 1.000000
589 588 2.000000
590 588 1.000000
590 589 2.000000
591 589 1.000000
591 590 2.000000
592 590 1.000000
592 591 2.000000
593 591 1.000000
593 592 2.000000
594 592 1.000000
594 593 2.000000
595 593 1.000000
595 594 2.000000
596 594 1.000000
596 595 2.000000
597 595 1.000000
597 596 2.000000
598 596 1.000000
598 597 2.000000
599 597 1.000000
599 598 2.000000
600 598 1.000000
600 599 2.000000
601 599 1.000000
601 600 2.000000
602 600 1.000000
602 601 2.000000
603 601 1.000000
603 602 2.000000
604 602 1.000000
604 603 2.000000
605 603 1.000000
605 604 2.000000
606 604 1.000000
606 605 2.000000
607 605 1.000000
607 606 2.000000
608 606 1.000000
608 607 2.000000
609 607 1.000000
609 608 2.000000
610 608 1.000000
610 609 2.000000
611 609 1.000000
611 610 2.000000
612 610 1.000000
612 611 2.000000
613 611 1.000000
613 612 2.000000
614 612 1.000000
614 613 2.000000
615 613 1.000000
615 614 2.000000
616 614 1.000000
616 615 2.000000
617 615 1.000000
617 616 2.000000
618 616 1.000000
618 617 2.000000
619 617 1.000000
619 618 2.000000
620 618 1.000000
620 619 2.000000
621 619 1.000000
621 620 2.000000
622 620 1.000000
622 621 2.000000
623 621 1.000000
623 622 2.000000
624 622 1.000000
624 623 2.000000
625 623 1.000000
625 624 2.000000
626 624 1.000000
626 625 2.000000
627 625 1.000000
627 626 2.000000
628 626 1.000000
628 627 2.000000
629 627 1.000000
629 628 2.000000
630 628 1.000000
630 629 2.000000
631 629 1.000000
631 630 2.000000
632 630 1.000000
632 631 2.000000
633 631 1.000000
633 632 2.000000
634 632 1.000000
634 633 2.000000
635 633 1.000000
635 634 2.000000
636 634 1.000000
636 635 2.000000
637 635 1.000000
637 636 2.000000
638 636 1.000000
638 637 2.000000
639 637 1.000000
639 638 2.000000
640 638 1.000000
640 639 2.000000
641 639 1.000000
641 640 2.000000
642 640 1.000000
642 641 2.000000
643 641 1.000000
643 642 2.000000
644 642 1.000000
644 643 2.000000
645 643 1.000000
645 644 2.000000
646 644 1.000000
646 645 2.000000
647 645 1.000000
647 646 2.000000
648 646 1.000000
648 647 2.000000
649 647 1.000000
649 648 2.000000
650 648 1.000000
650 649 2.000000
651 649 1.000000
651 650 2.000000
652 650 1.000000
652 651 2.000000
653 651 1.000000
653 652 2.000000
654 652 1.000000
654 653 2.000000
655 653 1.000000
655 654 2.000000
656 654 1.000000
656 655 2.000000
657 655 1.000000
657 656 2.000000
658 656 1.000000
658 657 2.000000
659 657 1.000000
659 658 2.000000
660 658 1.000000
660 659 2.000000
661 659 1.000000
661 660 2.000000
662 660 1.000000
662 661 2.000000
663 661 1.000000
663 662 2.000000
664 662 1.000000
664 663 2.000000
665 663 1.000000
665 664 2.000000
666 664 1.000000
666 665 2.000000
667 665 1.000000
667 666 2.000000
668 666 1.000000
668 667 2.000000
669 667 1.000000
669 668 2.000000
670 668 1.000000
670 669 2.000000
671 669 1.000000
671 670 2.000000
672 670 1.000000
672 671 2.000000
673 671 1.000000
673 672 2.000000
674 672 1.000000
674 673 2.000000
675 673 1.000000
675 674 2.000000
676 674 1.000000
676 675 2.000000
677 675 1.000000
677 676 2.000000
678 676 1.000000
678 677 2.000000
679 677 1.000000
679 678 2.000000
680 678 1.000000
680 679 2.000000
681 679 1.000000
681 680 2.000000
682 680 1.000000
682 681 2.000000
683 681 1.000000
683 682 2.000000
684 682 1.000000
684 683 2.000000
685 683 1.000000
685 684 2.000000
686 684 1.000000
686 685 2.000000
687 685 1.000000
687 686 2.000000
688 686 1.000000
688 687 2.000000
689 687 1.000000
689 688 2.000000
690 688 1.000000
690 689 2.000000
691 689 1.000000
691 690 2.000000
692 690 1.000000
692 691 2.000000
693 691 1.000000
693 692 2.000000
694 692 1.000000
694 693 2.000000
695 693 1.000000
695 694 2.000000
696 694 1.000000
696 695 2.000000
697 695 1.000000
697 696 2.000000
698 696 1.000000
698 697 2.000000
699 697 1.000000
699 698 2.000000
700 698 1.000000
700 699 2.000000
701 699 1.000000
701 700 2.000000
702 700 1.000000
702 701 2.000000
703 701 1.000000
703 702 2.000000
704 702 1.000000
704 703 2.000000
705 703 1.000000
705 704 2.000000
706 704 1.000000
706 705 2.000000
707 705 1.000000
707 706 2.000000
708 706 1.000000
708 707 2.000000
709 707 1.000000
709 708 2.000000
710 708 1.000000
710 709 2.000000
711 709 1.000000
711 710 2.000000
712 710 1.000000
712 711 2.000000
713 711 1.000000
713 712 2.000000
714 712 1.000000
714 713 2.000000
715 713 1.000000
715 714 2.000000
716 714 1.000000
716 715 2.000000
717 715 1.000000
717 716 2.000000
718 716 1.000000
718 717 2.000000
719 717 1.000000
719 718 2.000000
720 718 1.000000
720 719 2.000000
721 719 1.000000
721 720 2.000000
722 720 1.000000
722 721 2.000000
723 721 1.000000
723 722 2.000000
724 722 1.000000
724 723 2.000000
725 723 1.000000
725 724 2.000000
726 724 1.000000
726 725 2.000000
727 725 1.000000
727 726 2.000000
728 726 1.000000
728 727 2.000000
729 727 1.000000
729 728 2.000000
730 728 1.000000
730 729 2.000000
731 729 1.000000
731 730 2.000000
732 730 1.000000
732 731 2.000000
733 731 1.000000
733 732 2.000000
734 732 1.000000
734 733 2.000000
735 733 1.000000
735 734 2.000000
736 734 1.000000
736 735 2.000000
737 735 1.000000
737 736 2.000000
738 736 1.000000
738 737 2.000000
739 737 1.000000
739 738 2.000000
740 738 1.000000
740 739 2.000000
741 739 1.000000
741 740 2.000000
742 740 1.000000
742 741 2.000000
743 741 1.000000
743 742 2.000000
744 742 1.000000
744 743 2.000000
745 743 1.000000
745 744 2.000000
746 744 1.000000
746 745 2.000000
747 745 1.000000
747 746 2.000000
748 746 1.000000
748 747 2.000000
749 747 1.000000
749 748 2.000000
750 748 1.000000
750 749 2.000000
751 749 1.000000
751 750 2.000000
752 750 1.000000
752 751 2.000000
753 751 1.000000
753 752 2.000000
754 752 1.000000
754 753 2.000000
755 753 1.000000
755 754 2.000000
756 754 1.000000
756 755 2.000000
757 755 1.000000
757 756 2.000000
758 756 1.000000
758 757 2.000000
759 757 1.000000
759 758 2.000000
760 758 1.000000
760 759 2.000000
761 759 1.000000
761 760 2.000000
762 760 1.000000
762 761 2.000000
763 761 1.000000
763 762 2.000000
764 762 1.000000
764 763 2.000000
765 763 1.000000
765 764 2.000000
766 764 1.000000
766 765 2.000000
767 765 1.000000
767 766 2.000000
768 766 1.000000
768 767 2.000000
769 767 1.000000
769 768 2.000000
770 768 1.000000
770 769 2.000000
771 769 1.000000
771 770 2.000000
772 770 1.000000
772 771 2.000000
773 771 1.000000
773 772 2.000000
774 772 1.000000
774 773 2.000000
775 773 1.000000
775 774 2.000000
776 774 1.000000
776 775 2.000000
777 775 1.000000
777 776 2.000000
778 776 1.000000
778 777 2.000000
779 777 1.000000
779 778 2.000000
780 778 1.000000
780 779 2.000000
781 779 1.000000
781 780 2.000000
782 780 1.000000
782 781 2.000000
783 781 1.000000
783 782 2.000000
784 782 1.000000
784 783 2.000000
785 783 1.000000
785 784 2.000000
786 784 1.000000
786 785 2.000000
787 785 1.000000
787 786 2.000000
788 786 1.000000
788 787 2.000000
789 787 1.000000
789 788 2.000000
790 788 1.000000
790 789 2.000000
791 789 1.000000
791 790 2.000000
792 790 1.000000
792 791 2.000000
793 791 1.000000
793 792 2.000000
794 792 1.000000
794 793 2.000000
795 793 1.000000
795 794 2.000000
796 794 1.000000
796 795 2.000000
797 795 1.000000
797 796 2.000000
798 796 1.000000
798 797 2.000000
799 797 1.000000
799 798 2.000000
800 798 1.000000
800 799 2.000000
801 799 1.000000
801 800 2.000000
802 800 1.000000
802 801 2.000000
803 801 1.000000
803 802 2.000000
804 802 1.000000
804 803 2.000000
805 803 1.000000
805 804 2.000000
806 804 1.000000
806 805 2.000000
807 805 1.000000
807 806 2.000000
808 806 1.000000
808 807 2.000000
809 807 1.000000
809 808 2.000000
810 808 1.000000
810 809 2.000000
811 809 1.000000
811 810 2.000000
812 810 1.000000
812 811 2.000000
813 811 1.000000
813 812 2.000000
814 812 1.000000
814 813 2.000000
815 813 1.000000
815 814 2.000000
816 814 1.000000
816 815 2.000000
817 815 1.000000
817 816 2.000000
818 816 1.000000
818 817 2.000000
819 817 1.000000
819 818 2.000000
820 818 1.000000
820 819 2.000000
821 819 1.000000
821 820 2.000000
822 820 1.000000
822 821 2.000000
823 821 1.000000
823 822 2.000000
824 822 1.000000
824 823 2.000000
825 823 1.000000
825 824 2.000000
826 824 1.000000
826 825 2.000000
827 825 1.000000
827 826 2.000000
828 826 1.000000
828 827 2.000000
829 827 1.000000
829 828 2.000000
830 828 1.000000
830 829 2.000000
831 829 1.000000
831 830 2.000000
832 830 1.000000
832 831 2.000000
833 831 1.000000
833 832 2.000000
834 832 1.000000
834 833 2.000000
835 833 1.000000
835 834 2.000000
836 834 1.000000
836 835 2.000000
837 835 1.000000
837 836 2.000000
838 836 1.000000
838 837 2.000000
839 837 1.000000
839 838 2.000000
840 838 1.000000
840 839 2.000000
841 839 1.000000
841 840 2.000000
842 840 1.000000
842 841 2.000000
843 841 1.000000
843 842 2.000000
844 842 1.000000
844 843 2.000000
845 843 1.000000
845 844 2.000000
846 844 1.000000
846 845 2.000000
847 845 1.000000
847 846 2.000000
848 846 1.000000
848 847 2.000000
849 847 1.000000
849 848 2.000000
850 848 1.000000
850 849 2.000000
851 849 1.000000
851 850 2.000000
852 850 1.000000
852 851 2.000000
853 851 1.000000
853 852 2.000000
854 852 1.000000
854 853 2.000000
855 853 1.000000
855 854 2.000000
856 854 1.000000
856 855 2.000000
857 855 1.000000
857 856 2.000000
858 856 1.000000
858 857 2.000000
859 857 1.000000
859 858 2.000000
860 858 1.000000
860 859 2.000000
861 859 1.000000
861 860 2.000000
862 860 1.000000
862 861 2.000000
863 861 1.000000
863 862 2.000000
864 862 1.000000
864 863 2.000000
865 863 1.000000
865 864 2.000000
866 864 1.000000
866 865 2.000000
867 865 1.000000
867 866 2.000000
868 866 1.000000
868 867 2.000000
869 867 1.000000
869 868 2.000000
870 868 1.000000
870 869 2.000000
871 869 1.000000
871 870 2.000000
872 870 1.000000
872 871 2.000000
873 871 1.000000
873 872 2.000000
874 872 1.000000
874 873 2.000000
875 873 1.000000
875 874 2.000000
876 874 1.000000
876 875 2.000000
877 875 1.000000
877 876 2.000000
878 876 1.000000
878 877 2.000000
879 877 1.000000
879 878 2.000000
880 878 1.000000
880 879 2.000000
881 879 1.000000
881 880 2.000000
882 880 1.000000
882 881 2.000000
883 881 1.000000
883 882 2.000000
884 882 1.000000
884 883 2.000000
885 883 1.000000
885 884 2.000000
886 884 1.000000
886 885 2.000000
887 885 1.000000
887 886 2.000000
888 886 1.000000
888 887 2.000000
889 887 1.000000
889 888 2.000000
890 888 1.000000
890 889 2.000000
891 889 1.000000
891 890 2.000000
892 890 1.000000
892 891 2.000000
893 891 1.000000
893 892 2.000000
894 892 1.000000
894 893 2.000000
895 893 1.000000
895 894 2.000000
896 894 1.000000
896 895 2.000000
897 895 1.000000
897 896 2.000000
898 896 1.000000
898 897 2.000000
899 897 1.000000
899 898 2.000000
900 898 1.000000
900 899 2.000000
901 899 1.000000
901 900 2.000000
902 900 1.000000
902 901 2.000000
903 901 1.000000
903 902 2.000000
904 902 1.000000
904 903 2.000000
905 903 1.000000
905 904 2.000000
906 904 1.000000
906 905 2.000000
907 905 1.000000
907 906 2.000000
908 906 1.000000
908 907 2.000000
909 907 1.000000
909 908 2.000000
910 908 1.000000
910 909 2.000000
911 909 1.000000
911 910 2.000000
912 910 1.000000
912 911 2.000000
913 911 1.000000
913 912 2.000000
914 912 1.000000
914 913 2.000000
915 913 1.000000
915 914 2.000000
916 914 1.000000
916 915 2.000000
917 915 1.000000
917 916 2.000000
918 916 1.000000
918 917 2.000000
919 917 1.000000
919 918 2.000000
920 918 1.000000
920 919 2.000000
921 919 1.000000
921 920 2.000000
922 920 1.000000
922 921 2.000000
923 921 1.000000
923 922 2.000000
924 922 1.000000
924 923 2.000000
925 923 1.000000
925 924 2.000000
926 924 1.000000
926 925 2.000000
927 925 1.000000
927 926 2.000000
928 926 1.000000
928 927 2.000000
929 927 1.000000
929 928 2.000000
930 928 1.000000
930 929 2.000000
931 929 1.000000
931 930 2.000000
932 930 1.000000
932 931 2.000000
933 931 1.000000
933 932 2.000000
934 932 1.000000
934 933 2.000000
935 933 1.000000
935 934 2.000000
936 934 1.000000
936 935 2.000000
937 935 1.000000
937 936 2.000000
938 936 1.000000
938 937 2.000000
939 937 1.000000
939 938 2.000000
940 938 1.000000
940 939 2.000000
941 939 1.000000
941 940 2.000000
942 940 1.000000
942 941 2.000000
943 941 1.000000
943 942 2.000000
944 942 1.000000
944 943 2.000000
945 943 1.000000
945 944 2.000000
946 944 1.000000
946 945 2.000000
947 945 1.000000
947 946 2.000000
948 946 1.000000
948 947 2.000000
949 947 1.000000
949 948 2.000000
950 948 1.000000
950 949 2.000000
951 949 1.000000
951 950 2.000000
952 950 1.000000
952 951 2.000000
953 951 1.000000
953 952 2.000000
954 952 1.000000
954 953 2.000000
955 953 1.000000
955 954 2.000000
956 954 1.000000
956 955 2.000000
957 955 1.000000
957 956 2.000000
958 956 1.000000
958 957 2.000000
959 957 1.000000
959 958 2.000000
960 958 1.000000
960 959 2.000000
961 959 1.000000
961 960 2.000000
962 960 1.000000
962 961 2.000000
963 961 1.000000
963 962 2.000000
964 962 1.000000
964 963 2.000000
965 963 1.000000
965 964 2.000000
966 964 1.000000
966 965 2.000000
967 965 1.000000
967 966 2.000000
968 966 1.000000
968 967 2.000000
969 967 1.000000
969 968 2.000000
970 968 1.000000
970 969 2.000000
971 969 1.000000
971 970 2.000000
972 970 1.000000
972 971 2.000000
973 971 1.000000
973 972 2.000000
974 972 1.000000
974 973 2.000000
975 973 1.000000
975 974 2.000000
976 974 1.000000
976 975 2.000000
977 975 1.000000
977 976 2.000000
978 976 1.000000
978 977 2.000000
979 977 1.000000
979 978 2.000000
980 978 1.000000
980 979 2.000000
981 979 1.000000
981 980 2.000000
982 980 1.000000
982 981 2.000000
983 981 1.000000
983 982 2.000000
984 982 1.000000
984 983 2.000000
985 983 1.000000
985 984 2.000000
986 984 1.000000
986 985 2.000000
987 985 1.000000
987 986 2.000000
988 986 1.000000
988 987 2.000000
989 987 1.000000
989 988 2.000000
990 988 1.000000
990 989 2.000000
991 989 1.000000
991 990 2.000000
992 990 1.000000
992 991 2.000000
993 991 1.000000
993 992 2.000000
994 992 1.000000
994 993 2.000000
995 993 1.000000
995 994 2.000000
996 994 1.000000
996 995 2.000000
997 995 1.000000
997 996 2.000000
998 996 1.000000
998 997 2.000000
999 997 1.000000
999 998 2.000000
